0.10000 1.00000 1.00000 1.00000 1.00000 1.00000
0.20000 1.00000 1.00000 1.00000 1.00000 1.00000
0.30000 1.00000 1.00000 1.00000 1.00000 1.00000
0.40000 1.00000 1.00000 1.00000 1.00000 1.00000
0.50000 1.00000 1.00000 1.00000 1.00000 1.00000
0.60000 1.00000 1.00000 1.00000 1.00000 1.00000
0.70000 1.00000 1.00000 1.00000 1.00000 1.00000
0.80000 1.00000 1.00000 1.00000 1.00000 1.00000
0.90000 1.00000 1.00000 1.00000 1.00000 1.00000
1.00000 1.00000 1.00000 1.00000 1.00000 1.00000
1.10000 1.00000 1.00000 1.00000 1.00000 1.00000
1.20000 1.00000 1.00000 1.00000 1.00000 1.00000
1.30000 1.00000 1.00000 1.00000 1.00000 1.00000
1.40000 1.00000 1.00000 1.00000 1.00000 1.00000
1.50000 1.00000 1.00000 1.00000 1.00000 1.00000
1.60000 1.00000 1.00000 1.00000 1.00000 1.00000
1.70000 1.00000 1.00000 1.00000 1.00000 1.00000
1.80000 1.00000 1.00000 1.00000 1.00000 1.00000
1.90000 1.00000 1.00000 1.00000 1.00000 1.00000
2.00000 1.00000 1.00000 1.00000 1.00000 1.00000
2.10000 1.00000 1.00000 1.00000 1.00000 1.00000
2.20000 1.00000 1.00000 1.00000 1.00000 1.00000
2.30000 1.00000 1.00000 1.00000 1.00000 1.00000
2.40000 1.00000 1.00000 1.00000 1.00000 1.00000
2.50000 1.00000 1.00000 1.00000 1.00000 1.00000
2.60000 1.00000 1.00000 1.00000 1.00000 1.00000
2.70000 1.00000 1.00000 1.00000 1.00000 1.00000
2.80000 1.00000 1.00000 1.00000 1.00000 1.00000
2.90000 1.00000 1.00000 1.00000 1.00000 1.00000
3.00000 1.00000 1.00000 1.00000 1.00000 1.00000
3.10000 1.00000 1.00000 1.00000 1.00000 1.00000
3.20000 1.00000 1.00000 1.00000 1.00000 1.00000
3.30000 1.00000 1.00000 1.00000 1.00000 1.00000
3.40000 1.00000 1.00000 1.00000 1.00000 1.00000
3.50000 1.00000 1.00000 1.00000 1.00000 1.00000
3.60000 1.00000 1.00000 1.00000 1.00000 1.00000
3.70000 1.00000 1.00000 1.00000 1.00000 1.00000
3.80000 1.00000 1.00000 1.00000 1.00000 1.00000
3.90000 1.00000 1.00000 1.00000 1.00000 1.00000
4.00000 1.00000 1.00000 1.00000 1.00000 1.00000
6.00000 1.00000 1.00000 1.00000 1.00000 1.00000
8.00000 1.00000 1.00000 1.00000 1.00000 1.00000
10.00000 1.00000 1.00000 1.00000 1.00000 1.00000
12.00000 1.00000 1.00000 1.00000 1.00000 1.00000
14.00000 1.00000 1.00000 1.00000 1.00000 1.00000
16.00000 1.00000 1.00000 1.00000 1.00000 1.00000
18.00000 1.00000 1.00000 1.00000 1.00000 1.00000
20.00000 1.00000 1.00000 1.00000 1.00000 1.00000
1.00000 0.10000 1.00000 1.00000 1.00000 1.00000
1.00000 0.20000 1.00000 1.00000 1.00000 1.00000
1.00000 0.30000 1.00000 1.00000 1.00000 1.00000
1.00000 0.40000 1.00000 1.00000 1.00000 1.00000
1.00000 0.50000 1.00000 1.00000 1.00000 1.00000
1.00000 0.60000 1.00000 1.00000 1.00000 1.00000
1.00000 0.70000 1.00000 1.00000 1.00000 1.00000
1.00000 0.80000 1.00000 1.00000 1.00000 1.00000
1.00000 0.90000 1.00000 1.00000 1.00000 1.00000
1.00000 1.00000 1.00000 1.00000 1.00000 1.00000
1.00000 1.10000 1.00000 1.00000 1.00000 1.00000
1.00000 1.20000 1.00000 1.00000 1.00000 1.00000
1.00000 1.30000 1.00000 1.00000 1.00000 1.00000
1.00000 1.40000 1.00000 1.00000 1.00000 1.00000
1.00000 1.50000 1.00000 1.00000 1.00000 1.00000
1.00000 1.60000 1.00000 1.00000 1.00000 1.00000
1.00000 1.70000 1.00000 1.00000 1.00000 1.00000
1.00000 1.80000 1.00000 1.00000 1.00000 1.00000
1.00000 1.90000 1.00000 1.00000 1.00000 1.00000
1.00000 2.00000 1.00000 1.00000 1.00000 1.00000
1.00000 2.10000 1.00000 1.00000 1.00000 1.00000
1.00000 2.20000 1.00000 1.00000 1.00000 1.00000
1.00000 2.30000 1.00000 1.00000 1.00000 1.00000
1.00000 2.40000 1.00000 1.00000 1.00000 1.00000
1.00000 2.50000 1.00000 1.00000 1.00000 1.00000
1.00000 2.60000 1.00000 1.00000 1.00000 1.00000
1.00000 2.70000 1.00000 1.00000 1.00000 1.00000
1.00000 2.80000 1.00000 1.00000 1.00000 1.00000
1.00000 2.90000 1.00000 1.00000 1.00000 1.00000
1.00000 3.00000 1.00000 1.00000 1.00000 1.00000
1.00000 3.10000 1.00000 1.00000 1.00000 1.00000
1.00000 3.20000 1.00000 1.00000 1.00000 1.00000
1.00000 3.30000 1.00000 1.00000 1.00000 1.00000
1.00000 3.40000 1.00000 1.00000 1.00000 1.00000
1.00000 3.50000 1.00000 1.00000 1.00000 1.00000
1.00000 3.60000 1.00000 1.00000 1.00000 1.00000
1.00000 3.70000 1.00000 1.00000 1.00000 1.00000
1.00000 3.80000 1.00000 1.00000 1.00000 1.00000
1.00000 3.90000 1.00000 1.00000 1.00000 1.00000
1.00000 4.00000 1.00000 1.00000 1.00000 1.00000
1.00000 6.00000 1.00000 1.00000 1.00000 1.00000
1.00000 8.00000 1.00000 1.00000 1.00000 1.00000
1.00000 10.00000 1.00000 1.00000 1.00000 1.00000
1.00000 12.00000 1.00000 1.00000 1.00000 1.00000
1.00000 14.00000 1.00000 1.00000 1.00000 1.00000
1.00000 16.00000 1.00000 1.00000 1.00000 1.00000
1.00000 18.00000 1.00000 1.00000 1.00000 1.00000
1.00000 20.00000 1.00000 1.00000 1.00000 1.00000
1.00000 1.00000 10.00000 1.00000 1.00000 1.00000
1.00000 1.00000 5.00000 1.00000 1.00000 1.00000
1.00000 1.00000 3.33300 1.00000 1.00000 1.00000
1.00000 1.00000 2.50000 1.00000 1.00000 1.00000
1.00000 1.00000 2.00000 1.00000 1.00000 1.00000
1.00000 1.00000 1.66700 1.00000 1.00000 1.00000
1.00000 1.00000 1.42900 1.00000 1.00000 1.00000
1.00000 1.00000 1.25000 1.00000 1.00000 1.00000
1.00000 1.00000 1.11100 1.00000 1.00000 1.00000
1.00000 1.00000 1.00000 1.00000 1.00000 1.00000
1.00000 1.00000 0.90900 1.00000 1.00000 1.00000
1.00000 1.00000 0.83300 1.00000 1.00000 1.00000
1.00000 1.00000 0.76900 1.00000 1.00000 1.00000
1.00000 1.00000 0.71400 1.00000 1.00000 1.00000
1.00000 1.00000 0.66700 1.00000 1.00000 1.00000
1.00000 1.00000 0.62500 1.00000 1.00000 1.00000
1.00000 1.00000 0.58800 1.00000 1.00000 1.00000
1.00000 1.00000 0.55600 1.00000 1.00000 1.00000
1.00000 1.00000 0.52600 1.00000 1.00000 1.00000
1.00000 1.00000 0.50000 1.00000 1.00000 1.00000
1.00000 1.00000 0.47600 1.00000 1.00000 1.00000
1.00000 1.00000 0.45500 1.00000 1.00000 1.00000
1.00000 1.00000 0.43500 1.00000 1.00000 1.00000
1.00000 1.00000 0.41700 1.00000 1.00000 1.00000
1.00000 1.00000 0.40000 1.00000 1.00000 1.00000
1.00000 1.00000 0.38500 1.00000 1.00000 1.00000
1.00000 1.00000 0.37000 1.00000 1.00000 1.00000
1.00000 1.00000 0.35700 1.00000 1.00000 1.00000
1.00000 1.00000 0.34500 1.00000 1.00000 1.00000
1.00000 1.00000 0.33300 1.00000 1.00000 1.00000
1.00000 1.00000 0.32300 1.00000 1.00000 1.00000
1.00000 1.00000 0.31200 1.00000 1.00000 1.00000
1.00000 1.00000 0.30300 1.00000 1.00000 1.00000
1.00000 1.00000 0.29400 1.00000 1.00000 1.00000
1.00000 1.00000 0.28600 1.00000 1.00000 1.00000
1.00000 1.00000 0.27800 1.00000 1.00000 1.00000
1.00000 1.00000 0.27000 1.00000 1.00000 1.00000
1.00000 1.00000 0.26300 1.00000 1.00000 1.00000
1.00000 1.00000 0.25600 1.00000 1.00000 1.00000
1.00000 1.00000 0.25000 1.00000 1.00000 1.00000
1.00000 1.00000 0.16700 1.00000 1.00000 1.00000
1.00000 1.00000 0.12500 1.00000 1.00000 1.00000
1.00000 1.00000 0.10000 1.00000 1.00000 1.00000
1.00000 1.00000 0.08300 1.00000 1.00000 1.00000
1.00000 1.00000 0.07100 1.00000 1.00000 1.00000
1.00000 1.00000 0.06200 1.00000 1.00000 1.00000
1.00000 1.00000 0.05600 1.00000 1.00000 1.00000
1.00000 1.00000 0.05000 1.00000 1.00000 1.00000
1.00000 1.00000 0.02500 1.00000 1.00000 1.00000
1.00000 1.00000 0.01863 1.00000 1.00000 1.00000
1.00000 1.00000 0.01484 1.00000 1.00000 1.00000
1.00000 1.00000 0.01234 1.00000 1.00000 1.00000
1.00000 1.00000 0.01056 1.00000 1.00000 1.00000
1.00000 1.00000 0.00922 1.00000 1.00000 1.00000
1.00000 1.00000 0.00819 1.00000 1.00000 1.00000
1.00000 1.00000 0.00736 1.00000 1.00000 1.00000
1.00000 1.00000 0.02500 1.00000 1.00000 1.00000
1.00000 1.00000 0.01863 1.00000 1.00000 1.00000
1.00000 1.00000 0.01484 1.00000 1.00000 1.00000
1.00000 1.00000 0.01234 1.00000 1.00000 1.00000
1.00000 1.00000 0.01056 1.00000 1.00000 1.00000
1.00000 1.00000 0.00922 1.00000 1.00000 1.00000
1.00000 1.00000 0.00819 1.00000 1.00000 1.00000
1.00000 1.00000 0.00736 1.00000 1.00000 1.00000
1.00000 1.00000 0.00669 1.00000 1.00000 1.00000
1.00000 1.00000 0.00613 1.00000 1.00000 1.00000
1.00000 1.00000 0.00565 1.00000 1.00000 1.00000
1.00000 1.00000 0.00525 1.00000 1.00000 1.00000
1.00000 1.00000 0.00490 1.00000 1.00000 1.00000
1.00000 1.00000 0.00459 1.00000 1.00000 1.00000
1.00000 1.00000 0.00432 1.00000 1.00000 1.00000
1.00000 1.00000 0.00408 1.00000 1.00000 1.00000
1.00000 1.00000 0.00386 1.00000 1.00000 1.00000
1.00000 1.00000 0.00367 1.00000 1.00000 1.00000
1.00000 1.00000 0.00349 1.00000 1.00000 1.00000
1.00000 1.00000 0.00333 1.00000 1.00000 1.00000
1.00000 1.00000 1.00000 0.02500 1.00000 1.00000
1.00000 1.00000 1.00000 0.01863 1.00000 1.00000
1.00000 1.00000 1.00000 0.01484 1.00000 1.00000
1.00000 1.00000 1.00000 0.01234 1.00000 1.00000
1.00000 1.00000 1.00000 0.01056 1.00000 1.00000
1.00000 1.00000 1.00000 0.00922 1.00000 1.00000
1.00000 1.00000 1.00000 0.00819 1.00000 1.00000
1.00000 1.00000 1.00000 0.00736 1.00000 1.00000
1.00000 1.00000 1.00000 0.00669 1.00000 1.00000
1.00000 1.00000 1.00000 0.00613 1.00000 1.00000
1.00000 1.00000 1.00000 0.00565 1.00000 1.00000
1.00000 1.00000 1.00000 0.00525 1.00000 1.00000
1.00000 1.00000 1.00000 0.00490 1.00000 1.00000
1.00000 1.00000 1.00000 0.00459 1.00000 1.00000
1.00000 1.00000 1.00000 0.00432 1.00000 1.00000
1.00000 1.00000 1.00000 0.00408 1.00000 1.00000
1.00000 1.00000 1.00000 0.00386 1.00000 1.00000
1.00000 1.00000 1.00000 0.00367 1.00000 1.00000
1.00000 1.00000 1.00000 0.00349 1.00000 1.00000
1.00000 1.00000 1.00000 0.00333 1.00000 1.00000
