1.000000000000000056e-01
1.121212121212121215e-01
1.242424242424242514e-01
1.363636363636363535e-01
1.484848484848484973e-01
1.606060606060606133e-01
1.727272727272727293e-01
1.848484848484848730e-01
1.969696969696969613e-01
2.090909090909091050e-01
2.212121212121212210e-01
2.333333333333333370e-01
2.454545454545454530e-01
2.575757575757575690e-01
2.696969696969697128e-01
2.818181818181818565e-01
2.939393939393939448e-01
3.060606060606060330e-01
3.181818181818181768e-01
3.303030303030303205e-01
3.424242424242424088e-01
3.545454545454544970e-01
3.666666666666666963e-01
3.787878787878787845e-01
3.909090909090908728e-01
4.030303030303030720e-01
4.151515151515151603e-01
4.272727272727272485e-01
4.393939393939394478e-01
4.515151515151515360e-01
4.636363636363636243e-01
4.757575757575757125e-01
4.878787878787879118e-01
5.000000000000000000e-01
5.121212121212120882e-01
5.242424242424242875e-01
5.363636363636363757e-01
5.484848484848484640e-01
5.606060606060606633e-01
5.727272727272727515e-01
5.848484848484848397e-01
5.969696969696969280e-01
6.090909090909090162e-01
6.212121212121212155e-01
6.333333333333333037e-01
6.454545454545453920e-01
6.575757575757575912e-01
6.696969696969696795e-01
6.818181818181817677e-01
6.939393939393939670e-01
7.060606060606060552e-01
7.181818181818181435e-01
7.303030303030302317e-01
7.424242424242424310e-01
7.545454545454545192e-01
7.666666666666666075e-01
7.787878787878788067e-01
7.909090909090908950e-01
8.030303030303029832e-01
8.151515151515151825e-01
8.272727272727272707e-01
8.393939393939393590e-01
8.515151515151514472e-01
8.636363636363636465e-01
8.757575757575757347e-01
8.878787878787878229e-01
9.000000000000000222e-01
9.121212121212121104e-01
9.242424242424241987e-01
9.363636363636362869e-01
9.484848484848484862e-01
9.606060606060605744e-01
9.727272727272726627e-01
9.848484848484848619e-01
9.969696969696969502e-01
1.009090909090909038e+00
1.021212121212121238e+00
1.033333333333333437e+00
1.045454545454545414e+00
1.057575757575757613e+00
1.069696969696969813e+00
1.081818181818181790e+00
1.093939393939393989e+00
1.106060606060606188e+00
1.118181818181818166e+00
1.130303030303030365e+00
1.142424242424242564e+00
1.154545454545454541e+00
1.166666666666666741e+00
1.178787878787878940e+00
1.190909090909090917e+00
1.203030303030303116e+00
1.215151515151515316e+00
1.227272727272727293e+00
1.239393939393939492e+00
1.251515151515151691e+00
1.263636363636363669e+00
1.275757575757575868e+00
1.287878787878788067e+00
1.300000000000000044e+00
