1.209999999999999964e+01
1.233030303030303010e+01
1.256060606060606055e+01
1.279090909090909101e+01
1.302121212121212146e+01
1.325151515151515014e+01
1.348181818181818059e+01
1.371212121212121104e+01
1.394242424242424150e+01
1.417272727272727195e+01
1.440303030303030241e+01
1.463333333333333286e+01
1.486363636363636331e+01
1.509393939393939377e+01
1.532424242424242422e+01
1.555454545454545467e+01
1.578484848484848513e+01
1.601515151515151558e+01
1.624545454545454604e+01
1.647575757575757649e+01
1.670606060606060339e+01
1.693636363636363740e+01
1.716666666666666430e+01
1.739696969696969830e+01
1.762727272727272521e+01
1.785757575757575566e+01
1.808787878787878611e+01
1.831818181818181657e+01
1.854848484848484702e+01
1.877878787878787747e+01
1.900909090909090793e+01
1.923939393939393838e+01
1.946969696969696884e+01
1.969999999999999929e+01
1.993030303030302974e+01
2.016060606060606020e+01
2.039090909090909065e+01
2.062121212121212110e+01
2.085151515151515156e+01
2.108181818181817846e+01
2.131212121212121247e+01
2.154242424242423937e+01
2.177272727272727337e+01
2.200303030303030027e+01
2.223333333333333428e+01
2.246363636363636118e+01
2.269393939393939519e+01
2.292424242424242209e+01
2.315454545454545610e+01
2.338484848484848300e+01
2.361515151515151345e+01
2.384545454545454390e+01
2.407575757575757436e+01
2.430606060606060481e+01
2.453636363636363527e+01
2.476666666666666572e+01
2.499696969696969617e+01
2.522727272727272663e+01
2.545757575757575708e+01
2.568787878787878753e+01
2.591818181818181444e+01
2.614848484848484844e+01
2.637878787878787534e+01
2.660909090909090935e+01
2.683939393939393625e+01
2.706969696969697026e+01
2.729999999999999716e+01
2.753030303030303116e+01
2.776060606060605807e+01
2.799090909090909207e+01
2.822121212121211897e+01
2.845151515151515298e+01
2.868181818181817988e+01
2.891212121212121389e+01
2.914242424242424079e+01
2.937272727272726769e+01
2.960303030303030170e+01
2.983333333333332860e+01
3.006363636363636260e+01
3.029393939393938950e+01
3.052424242424242351e+01
3.075454545454545041e+01
3.098484848484848442e+01
3.121515151515151132e+01
3.144545454545454533e+01
3.167575757575757223e+01
3.190606060606060623e+01
3.213636363636363313e+01
3.236666666666666714e+01
3.259696969696969404e+01
3.282727272727272805e+01
3.305757575757575495e+01
3.328787878787878896e+01
3.351818181818181586e+01
3.374848484848484986e+01
3.397878787878787676e+01
3.420909090909091077e+01
3.443939393939393767e+01
3.466969696969696457e+01
3.489999999999999858e+01
